ramp_pfb = zeros(1,2048);
ramp_pfb(1)=133317.4829+40092.75193i;
ramp_pfb(2)=29869.678435+1207969.0818i;
ramp_pfb(3)=12228.5008+63554.434i;
ramp_pfb(4)=8609.617497+614014.2027i;
ramp_pfb(5)=4435.72228+39581.261i;
ramp_pfb(6)=4856.255197+410482.3276i;
ramp_pfb(7)=2329.84672+28543.9079i;
ramp_pfb(8)=3555.603629+308154.5137i;
ramp_pfb(9)=1468.30379+22286.3727i;
ramp_pfb(10)=2955.853921+246630.1982i;
ramp_pfb(11)=1033.31373+18269.4237i;
ramp_pfb(12)=2630.662948+205572.2735i;
ramp_pfb(13)=783.470686+15475.699i;
ramp_pfb(14)=2434.786195+176228.2272i;
ramp_pfb(15)=626.844756+13421.4052i;
ramp_pfb(16)=2307.736767+154212.1899i;
ramp_pfb(17)=522.223211+11847.7329i;
ramp_pfb(18)=2220.669238+137084.3857i;
ramp_pfb(19)=448.891129+10603.8789i;
ramp_pfb(20)=2158.408513+123379.7134i;
ramp_pfb(21)=395.50863+9596.0904i;
ramp_pfb(22)=2112.353391+112165.2967i;
ramp_pfb(23)=355.44345+8763.0416i;
ramp_pfb(24)=2077.329775+102818.9604i;
ramp_pfb(25)=324.60809+8062.9401i;
ramp_pfb(26)=2050.07625+94909.8345i;
ramp_pfb(27)=300.37022+7466.3288i;
ramp_pfb(28)=2028.45511+88130.0836i;
ramp_pfb(29)=280.97376+6951.8498i;
ramp_pfb(30)=2011.01218+82253.92i;
ramp_pfb(31)=265.20964+6503.6409i;
ramp_pfb(32)=1996.73707+77111.9771i;
ramp_pfb(33)=252.22514+6109.6759i;
ramp_pfb(34)=1984.90777+72574.7253i;
ramp_pfb(35)=241.40344+5760.6721i;
ramp_pfb(36)=1974.99429+68541.4092i;
ramp_pfb(37)=232.28708+5449.3488i;
ramp_pfb(38)=1966.60548+64932.4784i;
ramp_pfb(39)=224.53918+5169.9167i;
ramp_pfb(40)=1959.44375+61684.2889i;
ramp_pfb(41)=217.89642+4917.7149i;
ramp_pfb(42)=1953.28012+58745.3159i;
ramp_pfb(43)=212.15903+4688.9474i;
ramp_pfb(44)=1947.9379+56073.4005i;
ramp_pfb(45)=207.17036+4480.4933i;
ramp_pfb(46)=1943.27719+53633.7145i;
ramp_pfb(47)=202.80366+4289.7614i;
ramp_pfb(48)=1939.18779+51397.2338i;
ramp_pfb(49)=198.96276+4114.5836i;
ramp_pfb(50)=1935.57778+49339.5768i;
ramp_pfb(51)=195.5623+3953.1316i;
ramp_pfb(52)=1932.37743+47440.1121i;
ramp_pfb(53)=192.54102+3803.8517i;
ramp_pfb(54)=1929.52613+45681.2654i;
ramp_pfb(55)=189.84352+3665.4179i;
ramp_pfb(56)=1926.97416+44047.9718i;
ramp_pfb(57)=187.42422+3536.689i;
ramp_pfb(58)=1924.68241+42527.2443i;
ramp_pfb(59)=185.24688+3416.6782i;
ramp_pfb(60)=1922.61514+41107.8274i;
ramp_pfb(61)=183.28084+3304.5289i;
ramp_pfb(62)=1920.74456+39779.917i;
ramp_pfb(63)=181.49814+3199.4925i;
ramp_pfb(64)=1919.04818+38534.9357i;
ramp_pfb(65)=179.87809+3100.9126i;
ramp_pfb(66)=1917.50294+37365.3455i;
ramp_pfb(67)=178.40098+3008.2117i;
ramp_pfb(68)=1916.09145+36264.4942i;
ramp_pfb(69)=177.05011+2920.8786i;
ramp_pfb(70)=1914.79901+35226.4898i;
ramp_pfb(71)=175.81144+2838.4593i;
ramp_pfb(72)=1913.61397+34246.0958i;
ramp_pfb(73)=174.67491+2760.5508i;
ramp_pfb(74)=1912.52274+33318.6418i;
ramp_pfb(75)=173.62686+2686.7928i;
ramp_pfb(76)=1911.51643+32439.9477i;
ramp_pfb(77)=172.65869+2616.8608i;
ramp_pfb(78)=1910.58729+31606.2634i;
ramp_pfb(79)=171.76465+2550.4648i;
ramp_pfb(80)=1909.72649+30814.2134i;
ramp_pfb(81)=170.93484+2487.3432i;
ramp_pfb(82)=1908.92796+30060.7512i;
ramp_pfb(83)=170.16501+2427.2591i;
ramp_pfb(84)=1908.18641+29343.1211i;
ramp_pfb(85)=169.44764+2369.998i;
ramp_pfb(86)=1907.49468+28658.8228i;
ramp_pfb(87)=168.78053+2315.3651i;
ramp_pfb(88)=1906.85093+28005.5838i;
ramp_pfb(89)=168.15836+2263.1843i;
ramp_pfb(90)=1906.24892+27381.334i;
ramp_pfb(91)=167.57509+2213.2933i;
ramp_pfb(92)=1905.68519+26784.1822i;
ramp_pfb(93)=167.0304+2165.5441i;
ramp_pfb(94)=1905.15842+26212.3991i;
ramp_pfb(95)=166.51871+2119.802i;
ramp_pfb(96)=1904.6636+25664.3997i;
ramp_pfb(97)=166.03858+2075.9422i;
ramp_pfb(98)=1904.19863+25138.7274i;
ramp_pfb(99)=165.58753+2033.851i;
ramp_pfb(100)=1903.7614+24634.0426i;
ramp_pfb(101)=165.16369+1993.4237i;
ramp_pfb(102)=1903.34925+24149.1109i;
ramp_pfb(103)=164.76313+1954.5633i;
ramp_pfb(104)=1902.96103+23682.7924i;
ramp_pfb(105)=164.38583+1917.1799i;
ramp_pfb(106)=1902.59501+23234.034i;
ramp_pfb(107)=164.02868+1881.1908i;
ramp_pfb(108)=1902.24874+22801.8604i;
ramp_pfb(109)=163.69231+1846.5192i;
ramp_pfb(110)=1901.92024+22385.3662i;
ramp_pfb(111)=163.37282+1813.0942i;
ramp_pfb(112)=1901.61079+21983.7116i;
ramp_pfb(113)=163.07095+1780.8493i;
ramp_pfb(114)=1901.31665+21596.1163i;
ramp_pfb(115)=162.78424+1749.7232i;
ramp_pfb(116)=1901.0379+21221.8526i;
ramp_pfb(117)=162.51261+1719.6584i;
ramp_pfb(118)=1900.7724+20860.2425i;
ramp_pfb(119)=162.25369+1690.6015i;
ramp_pfb(120)=1900.52138+20510.6534i;
ramp_pfb(121)=162.00848+1662.5022i;
ramp_pfb(122)=1900.28134+20172.4945i;
ramp_pfb(123)=161.77432+1635.3143i;
ramp_pfb(124)=1900.05382+19845.2123i;
ramp_pfb(125)=161.55157+1608.9935i;
ramp_pfb(126)=1899.83619+19528.2891i;
ramp_pfb(127)=161.33969+1583.4992i;
ramp_pfb(128)=1899.62903+19221.239i;
ramp_pfb(129)=161.13705+1558.793i;
ramp_pfb(130)=1899.43184+18923.6068i;
ramp_pfb(131)=160.94437+1534.8388i;
ramp_pfb(132)=1899.24285+18634.9642i;
ramp_pfb(133)=160.75931+1511.6026i;
ramp_pfb(134)=1899.06215+18354.9084i;
ramp_pfb(135)=160.5829+1489.0522i;
ramp_pfb(136)=1898.89063+18083.061i;
ramp_pfb(137)=160.41408+1467.1579i;
ramp_pfb(138)=1898.72521+17819.0652i;
ramp_pfb(139)=160.25333+1445.8915i;
ramp_pfb(140)=1898.56708+17562.5841i;
ramp_pfb(141)=160.09788+1425.2263i;
ramp_pfb(142)=1898.41546+17313.3i;
ramp_pfb(143)=159.94964+1405.1364i;
ramp_pfb(144)=1898.27164+17070.9137i;
ramp_pfb(145)=159.80734+1385.5985i;
ramp_pfb(146)=1898.13172+16835.1419i;
ramp_pfb(147)=159.6715+1366.5901i;
ramp_pfb(148)=1897.99779+16605.7154i;
ramp_pfb(149)=159.54075+1348.0903i;
ramp_pfb(150)=1897.86893+16382.3805i;
ramp_pfb(151)=159.41441+1330.0782i;
ramp_pfb(152)=1897.74663+16164.8972i;
ramp_pfb(153)=159.29355+1312.5346i;
ramp_pfb(154)=1897.62849+15953.0382i;
ramp_pfb(155)=159.17723+1295.4418i;
ramp_pfb(156)=1897.51399+15746.5863i;
ramp_pfb(157)=159.06575+1278.7824i;
ramp_pfb(158)=1897.40439+15545.336i;
ramp_pfb(159)=158.95798+1262.5403i;
ramp_pfb(160)=1897.29891+15349.0926i;
ramp_pfb(161)=158.85415+1246.6994i;
ramp_pfb(162)=1897.19745+15157.6708i;
ramp_pfb(163)=158.75493+1231.2455i;
ramp_pfb(164)=1897.09945+14970.8941i;
ramp_pfb(165)=158.65782+1216.1644i;
ramp_pfb(166)=1897.00501+14788.5945i;
ramp_pfb(167)=158.56544+1201.4422i;
ramp_pfb(168)=1896.91323+14610.6118i;
ramp_pfb(169)=158.47616+1187.0669i;
ramp_pfb(170)=1896.82632+14436.7938i;
ramp_pfb(171)=158.38938+1173.0261i;
ramp_pfb(172)=1896.74206+14266.9962i;
ramp_pfb(173)=158.30555+1159.3077i;
ramp_pfb(174)=1896.65934+14101.0796i;
ramp_pfb(175)=158.2251+1145.9009i;
ramp_pfb(176)=1896.58+13938.9109i;
ramp_pfb(177)=158.14734+1132.7954i;
ramp_pfb(178)=1896.50411+13780.3648i;
ramp_pfb(179)=158.07203+1119.981i;
ramp_pfb(180)=1896.43005+13625.3206i;
ramp_pfb(181)=157.99965+1107.448i;
ramp_pfb(182)=1896.3581+13473.6623i;
ramp_pfb(183)=157.92953+1095.1875i;
ramp_pfb(184)=1896.28817+13325.2792i;
ramp_pfb(185)=157.86132+1083.1905i;
ramp_pfb(186)=1896.22215+13180.0662i;
ramp_pfb(187)=157.79472+1071.4482i;
ramp_pfb(188)=1896.15721+13037.9226i;
ramp_pfb(189)=157.73084+1059.9524i;
ramp_pfb(190)=1896.09415+12898.7507i;
ramp_pfb(191)=157.66899+1048.6958i;
ramp_pfb(192)=1896.03294+12762.4577i;
ramp_pfb(193)=157.6089+1037.6708i;
ramp_pfb(194)=1895.97442+12628.9546i;
ramp_pfb(195)=157.55115+1026.8704i;
ramp_pfb(196)=1895.9171+12498.1563i;
ramp_pfb(197)=157.49382+1016.2876i;
ramp_pfb(198)=1895.86246+12369.9807i;
ramp_pfb(199)=157.44011+1005.9156i;
ramp_pfb(200)=1895.80813+12244.3494i;
ramp_pfb(201)=157.3872+995.7491i;
ramp_pfb(202)=1895.75593+12121.1862i;
ramp_pfb(203)=157.3349+985.7811i;
ramp_pfb(204)=1895.70504+12000.4188i;
ramp_pfb(205)=157.2853+976.0056i;
ramp_pfb(206)=1895.65565+11881.9773i;
ramp_pfb(207)=157.2372+966.4179i;
ramp_pfb(208)=1895.60797+11765.7947i;
ramp_pfb(209)=157.1896+957.0122i;
ramp_pfb(210)=1895.56084+11651.8064i;
ramp_pfb(211)=157.1442+947.7831i;
ramp_pfb(212)=1895.51665+11539.9502i;
ramp_pfb(213)=157.0994+938.7261i;
ramp_pfb(214)=1895.47233+11430.167i;
ramp_pfb(215)=157.0554+929.8357i;
ramp_pfb(216)=1895.42974+11322.3984i;
ramp_pfb(217)=157.0141+921.1076i;
ramp_pfb(218)=1895.3876+11216.5891i;
